Min: -1.53707
Max: 2.74542
