Min: -6.84043
Max: -3.87326
