Min: -6.84112
Max: -3.87443
