Min: -8.45409
Max: -4.13393
