Min: -8.28904
Max: -6.36431
