Min: -7.96709
Max: -3.88565
