Min: -7.96609
Max: -3.88448
