Min: -3.89654
Max: 0.334927
