Min: -9.33715
Max: -3.79056
