Min: -3.24194
Max: 2.22581
