Min: -9.33834
Max: -3.79174
